writeweight:[0.08841118070786488, 0.08263520287382933, 0.08617512955821764, 0.09102981039809033, 0.08426572500341048]
readweight:[0.04703492316705685, 0.04666128425663005, 0.04689563357614354, 0.04718987585354951, 0.046771389411043446]
writeweight:[0.08841118231816973, 0.08263520428286314, 0.08617513106793825, 0.09102981215579374, 0.08426572644885161]
readweight:[0.04703492317528552, 0.046661284266782344, 0.04689563358537577, 0.04718987586025278, 0.04677138942088359]
writeweight:[0.08841118322268196, 0.08263520510295184, 0.0861751319288101, 0.09102981312577711, 0.08426572728291752]
readweight:[0.04703492317428143, 0.04666128426268711, 0.04689563358336894, 0.047189875860118524, 0.04677138941782746]
writeweight:[0.08841119036487595, 0.08263521374454677, 0.0861751396714419, 0.09102981953875691, 0.08426573551923873]
readweight:[0.04703492316017266, 0.0466612842436454, 0.04689563356713182, 0.047189875848825474, 0.04677138939998756]
writeweight:[0.08841118948783903, 0.08263521348389599, 0.08617513905469822, 0.09102981832848249, 0.08426573510407864]
readweight:[0.04703492315377067, 0.0466612842423083, 0.04689563356239699, 0.04718987584095583, 0.04677138939697237]
writeweight:[0.08841118866883943, 0.08263521322673094, 0.08617513847289988, 0.09102981720580709, 0.08426573470601387]
readweight:[0.047034923149155264, 0.046661284249085895, 0.04689563356190718, 0.047189875832042774, 0.04677138940030263]
